25.3
26
17.8
25.2
22
15
24.8
19.3
35.2
19.2
26.1
10.2
27.9
13.6
25.3
22.1
14.7
22.9
10.3
32.3
22.6
30.2
23.3
38.1
26.7
22.5
12.1
21.8
9.40
7.90
20.9
11.9
26.1
7.70
14.2
20.5
9.40
20.8
18.1
18.7
4
11.5
19.5
18.3
28
8.80
8.50
16
28
28.7
27.3
18.5
3.70
19.7
19.5
12.4
32.6
19.2
23.6
31.2
16.5
16.5
20.8
0
8
19.2
27.1
17.7
17.4
9.40
16
21
17.5
11.4
29.9
6.30
27
14.9
31.6
26.7
13.6
5.60
10.4
15.6
17
40.1
3
21.2
26
10.9
12.4
22.2
27
22.3
16.9
16.9
29.4
34.8
7.10
4.10
11.8
9
29.8
25.8
12.3
29
7.10
11
5.70
14.9
12.4
13.9
8.50
10.6
16.6
20.3
25.8
3.90
14.6
47.5
13.8
20.5
20.4
21.3
30
11.7
17.5
16.1
32.8
25.3
27.2
24.9
22.1
22.9
5.30
23.6
10.1
16.5
11.3
20.4
30.4
24.9
20.5
10
14.8
18.1
12.9
31.5
27.3
18.6
32.9
34.3
15.2
6.60
22.2
13
14.1
18
26.8
26.6
20.4
6
8.30
21.5
13.1
20.9
6.60
33.6
7.80
24.2
17.3
32.3
17.7
30.7
21.3
24.6
25.8
29.6
6.10
18.8
15.9
17.3
9.90
20.4
32.9
32.6
21.5
18.4
11.5